-0.291737516248109	0.390352124193539	0.0141837816383183	-0.0398276266324396	0.0175047119878913	-0.000613730783598032	-0.0159398996569666	-0.0415661741169613	-0.0522026568197269	-0.0604925735151544	-0.0283895250993273	-0.0045622603024438	-0.00325693747099345	-0.00335027659259143	0.00367638044075459	0.00191586154227432	-0.000667914820368329	-0.0016824140202833	-0.00241809640346961	0.000109078420048874	0.000381494785317445	-0.00030762288510808	0.000126321676988332	-3.66530066621738e-06	-7.35119390373476e-07	8.91021144864003e-05	0.0655210823041839	0.040480312606087	-0.00469129308464754	0.0037076573214667	0.00920620660088537	0.00773014120550556	0.00789260627842037	0.00674550860343998	0.00392935606045127	0.00271293724072718	0.00214823702238126	0.000887779204636671	0.00252242212824544	-0.000343529585041039
0.313989211344875	-0.435489764366525	0.125178106547154	0.0103881278874306	-0.0117801486347641	-0.00358669672826281	-0.00277777385680681	0.00451612390143048	-0.000952051290184364	0.0030209737779976	0.00146185256712749	-0.000701485844839626	0.00177608677507014	0.00157942095959902	-0.0018869312004681	-0.000687221290968076	0.00029101859097595	0.00022248535052695	0.000683888886060121	-2.02299305927209e-05	-0.000175980465126866	5.13649202696339e-05	1.96207987016615e-05	-8.23656177598988e-05	5.11818828499956e-05	3.56532179375335e-05	0.0113084728440483	0.0027918387057815	-0.00587906028296661	-0.00266912809560038	0.000511550099295599	-0.00120446746539511	-0.00174850647509253	-0.00105726485742872	-0.000432808972809687	-0.000854155969347712	-0.00026292825585532	0.000161831933647146	-0.000350903988816	-0.00211133809358944
0.0525581177260544	0.0936546966086005	-0.258968389822836	0.0908198754472268	-0.00247097613629314	-0.00593757602119584	-0.00132181257783369	0.0156050208795986	0.0160005594403536	0.0155123909413711	0.00690204390092358	0.000905966609534572	0.00141968615348331	0.00061317432896379	-0.00118535076042267	-0.000737555945300453	0.000445875237828418	0.000876351353767964	0.00081871174301407	-3.71854243470676e-05	-0.000170188199019112	8.72044250336225e-05	1.0030411744088e-05	5.64723905771517e-05	2.59589885759459e-06	-1.7520358108617e-05	-0.0186200737709864	-0.00787161937214793	0.0075073346216281	-0.00557993814504527	-0.0029968820569835	-0.00228735548979373	-0.00258965888420238	-0.0017791212735432	-0.00110285162222269	-0.000935190062256832	-0.000412518651185052	-0.000464313923575244	-0.000248122930878437	-0.00126013206646904
-0.0137820935768557	0.0022597129029439	0.0910786016444355	-0.184294459878707	0.0338664047859355	0.0102535397791959	0.00661539039076041	0.0161617257125811	0.0293854048107621	0.0278497372856275	0.0116293056479527	0.00235678315262395	0.000695148917160699	0.000800002061268735	-0.000544906461536707	-0.000540741873752995	-4.79709304601904e-06	0.000301836473298248	0.000824611175721759	9.73732940515194e-06	-6.07267152190132e-05	0.000217871481008763	-0.000102170156309809	-2.61281563515444e-05	-2.7296156416567e-05	-1.15359720486754e-05	-0.0235045886268963	-0.0177563623981609	0.000489550534643589	0.00615357374241072	-0.0116681494337316	-0.00364521099000176	-0.0033152915686131	-0.00380561969240277	-0.0024988248983976	-0.00118474160196056	-0.000971949205288968	-0.000586115906023721	-0.00141888227004022	0.00227797818541631
-0.00945010690960245	-0.0452416895674332	0.00384172482514498	0.0718908808602018	-0.14109993958786	0.024331587221649	0.0144231279536911	0.0147843188409545	0.0299531610413453	0.0305656567162799	0.0130063258252447	0.00265633317491548	0.000529821585200431	0.00116850068708681	-0.000801008222063321	-0.00032913086625347	-0.00062730120935627	5.53321645698865e-05	0.000962703628002462	2.61811088222409e-05	-6.39983306643281e-05	0.000218837791076296	-0.000113373786893763	-0.000106110655696416	-2.4553711984958e-05	3.28373309407322e-05	-0.0149054460631222	-0.0135649109859189	0.000216874902498588	-0.00376175285569505	0.00346300435855231	-0.0106385378554861	-0.00365649766808568	-0.00493619293560641	-0.00293244323259823	-0.00167117104617546	-0.001423319717928	-0.000486476460317952	-0.00196652130709023	0.00352280237424969
0.00441042650337172	-0.0281291594736237	-0.010056428539507	-0.0155553556062921	0.0306853384510531	-0.0995720962363244	0.0241587134373223	0.0192775270499493	0.0309748909882838	0.0332097736336004	0.0143283316209745	0.00271580361806444	0.0010890546385408	0.00127685016765928	-0.00136509207872009	-0.000458320901735049	-0.000136791991135962	-4.67495144803948e-05	0.00110227904428362	8.4172957344408e-05	-0.000178348326628214	0.000170772905908075	-8.86639936500831e-05	-2.39219598515151e-05	-5.82428782388481e-05	1.6695472805993e-06	-0.0124905902628654	-0.0133767968700683	-0.000471823480181466	-0.00110709306880139	-0.0103686119541243	0.00493574242943747	-0.00905529428331156	-0.00445969831450336	-0.00341933041492497	-0.00211954609966994	-0.00165405520844448	-0.000552484107071225	-0.00206326366616022	0.00252081567570255
-0.00273652191693042	-0.0251642714159261	-0.013911890038219	7.75014487273865e-05	-0.0203208300314792	0.0310252115786655	-0.0675212254664935	0.0242710203659383	0.028756267280276	0.0323824663481933	0.014484918044273	0.00204636557789977	0.00138917973015489	0.00168924683481766	-0.00176972596384618	-0.0011529107644283	0.000438322981071801	0.000388683630446749	0.000416860859667726	0.000142436455665986	-0.000109149735107084	0.000115021653250726	-8.91442364923191e-05	7.07783365200804e-06	1.03930768121843e-06	-4.14706211233309e-05	-0.00903130637287167	-0.0109902808866425	-0.00150320046106133	-0.00280242511341244	-0.00369497931245576	-0.00572455220132562	0.00142194159398816	-0.00640146806088411	-0.00307275033375916	-0.0021978884581025	-0.00186050415258242	-0.000510794824003283	-0.00202530534824852	0.00164388938896006
-0.0323129465970728	-0.0334755451339104	-0.00514741619643805	0.0123061157126563	0.0072337749550364	-0.00107438832659639	0.0218417224672349	-0.0367025278468609	0.0273678720637756	0.03064502911732	0.0157693260542013	0.00227271683911767	-2.98404369154121e-05	0.00225796497433977	-0.0012999281953321	-0.00127241988692733	-0.000176217838494116	0.000168922550394386	-8.04743644860561e-05	-6.32134424873135e-05	6.42814610808924e-05	4.85252167296983e-05	-3.16340701445971e-05	2.23557839726905e-06	-1.09167594479012e-05	-3.57328128929254e-05	-0.0143272720913233	-0.0114756301963617	-0.00088969470131953	-0.00198320401247611	-0.00251749360565844	-0.000648683833231454	-0.00434092814407876	0.000351387495225823	-0.0033172368200488	-0.00188220685507289	-0.00190695878997801	-0.00102303976816795	-0.00179987053220846	0.00162829317817336
-0.0420801897810158	-0.0366206107411425	-0.00532861816593021	0.00946682533731923	0.00739957677841096	0.00950506366715012	0.0113878408568579	0.0176883332483934	-0.00830340255713145	0.0331175418529783	0.0201492392300015	0.00620930577063859	-0.000283684066124283	0.00100746462638518	-0.000100016073280897	-0.00202236682793146	-0.000931305687424276	6.62303156779133e-05	0.000993159791827382	-0.000184439177913335	8.5202116824162e-05	1.87689887294024e-05	4.38899984323574e-05	-6.75810329591673e-05	4.86852087684412e-05	2.89819815355728e-06	-0.0216475998003935	-0.0149266573102142	-0.00140574991932068	-0.00274283987583166	-0.00315049676595132	-0.00158940021624757	-0.00232919807803286	-0.00319538242248864	-0.000179113552334397	-0.00196281768916856	-0.00215399091715265	-0.00178448133875657	-0.00115953417203076	-0.00100054496346113
-0.037015421589413	-0.0432104090108228	-0.00342545870596992	0.00836583267779027	0.00233710935283369	0.00942069817312521	0.0180562768197319	0.0155484261007641	0.0170327505308738	0.00412288884430784	0.0232383180631257	0.0125249709373876	0.00295276728745332	-0.00192682971457812	-0.00100775382612042	-0.000702006110746314	-0.000802692336957845	0.000209962457487321	0.00103826882185819	7.16292959156958e-05	-0.000104267806746549	0.000115296066178774	-3.94069889087676e-05	-1.01821129201671e-05	-1.51842629304725e-05	-2.36583358359497e-05	-0.0239237960510599	-0.0164537447759538	-0.000221486724740744	-0.00306532010654835	-0.00416571938569965	-0.00231892849373952	-0.00250010334491672	-0.00253681172116743	-0.00241556602489436	9.06448946697579e-05	-0.00239506170602576	-0.00190816261942501	-0.0033093689646374	0.000128763918702968
-0.0429203441618589	-0.0464612179601429	-0.000301208773559877	0.0107192439373733	0.00404455772153433	0.00920319502736625	0.0174835541557501	0.0207560514551199	0.0217423369859274	0.0151345722289756	-0.00508703267951976	0.015524787876565	0.0106115229267127	-0.000472397826468872	-0.00385591394692194	-0.00030916014067119	-6.31871022293829e-05	0.00014614240661187	0.000976202076828853	7.80556054608702e-05	-0.000285440770734137	0.000431176502710163	-0.000298613021708905	0.000144106791610719	-3.81303007719936e-05	-6.79270955500914e-05	-0.0257111625708246	-0.0168693285763379	0.000214141451710974	-0.00272457460304556	-0.00383236710996636	-0.0029594290110877	-0.00215655133955537	-0.00244441960389011	-0.000880490103770794	-0.0014489524095781	0.000254783100551836	-0.00226780398468082	-0.00312561937874238	-0.00322861177987332
-0.0542282040863143	-0.0465130592954325	0.00213466780063192	0.0133225564959279	0.00717947177688964	0.0121378932841527	0.0205909441103025	0.0193828210497621	0.0244587431721214	0.0196503773736538	0.000732844190005939	-0.0113743531931118	0.0149174690115031	0.00659777995663447	-0.00225741525366064	-0.00255793783590735	-7.42294070280726e-05	0.00108978153180797	0.000551744964248521	5.68110315062089e-05	-9.02713362592072e-05	6.18143314226404e-05	-1.0384308390557e-05	-9.4336715949719e-05	5.63460487312943e-05	-7.7203484273418e-05	-0.0278346469941444	-0.0172770526617209	-3.16071576599323e-05	-0.00197024258860386	-0.0027218845190065	-0.00272726507825699	-0.00183310743795786	-0.00212234851135521	-0.000885158824024271	-6.3163892602673e-05	-0.000901847855626278	0.000903256246370871	-0.00261801327480267	-0.00381422382831725
-0.0628272069494411	-0.0466578308176654	0.0085554121488959	0.0134036871931599	0.00881700681096279	0.0113368222829582	0.0220786633775386	0.023009928297596	0.0226845767063419	0.0190575011176674	0.00538838401982367	-0.00694914521992052	-0.0165049270207883	0.0143331373100451	0.00637027826700606	-0.000881308549624656	-0.00130549785379217	0.000466554586339989	0.00102460123635215	-9.30979291364591e-05	7.45741101547396e-05	-2.05862208054924e-05	2.77458541124096e-05	-0.000109371895915777	0.000102023424646993	-8.90560320694479e-05	-0.0296367166464331	-0.0167967679771223	0.000486485775233255	-0.00155471048378122	-0.00185201597060889	-0.00229957888346077	-0.00140188837524372	-0.001615715701759	-0.000819333329140025	-0.00013505952689447	5.0954633520149e-05	0.000115620805306763	0.00384367589364696	-0.00447170653330894
-0.0600763151100147	-0.042554453560669	0.00780535748919186	0.0150073658225382	0.0111950273691912	0.0100525918545979	0.0187094690986396	0.0197713672475498	0.0220056472362072	0.0159267722485425	0.00533000782313493	-0.00192145426889139	-0.00588554900126611	-0.0192484113629756	0.0163731567098668	0.00378763553070514	0.000581473931093299	0.000908241519101128	0.000393049669556343	0.0001657422453546	-0.000111525456317792	0.000140683056068153	-0.000190365006613431	0.000144190394986582	-2.95873991374844e-05	-5.60382464926913e-05	-0.0276790034270462	-0.015022080282002	0.000418170113641175	-0.000871281921132471	-0.00143410540760804	-0.00178291132988234	-0.00113638098656153	-0.0010775964969951	-0.000723892508842434	3.79499766052091e-05	-0.000249301650685798	0.000381463797778572	0.00358984000245179	0.00424012571629701
-0.0491988453259264	-0.0366977644116303	0.00692733648549062	0.0119292516469621	0.00945302570032982	0.00830578557934294	0.0159047168613161	0.0178723479187008	0.0187527625808796	0.0143366359382627	0.00448166144241289	0.000592548535902628	-0.00444571551756561	0.0031471764243705	-0.0237977009345988	0.0191145431782427	-0.000245772517376094	0.00128513424020611	0.000353213044543751	5.73602128344125e-05	-4.81115315562987e-05	8.92533052601625e-05	-7.23424085937604e-05	0.000102770433176148	-1.14046589348603e-05	-2.12417512190823e-05	-0.0234322668408099	-0.0124897856291539	0.000864165246017238	-0.0010236887562555	-0.00161453020286756	-0.00131454920642789	-0.000997047980222816	-0.00102022744923384	-0.000516722520722638	2.05154108189006e-06	-5.19380164355808e-05	9.45560826451223e-05	0.000309207460972105	0.00846080487409405
-0.0480263342565013	-0.0271827341352045	0.00447845174862765	0.0111062296139498	0.00812032394625349	0.00836195495653577	0.0144325767726233	0.0165041605136446	0.0172626210286989	0.0131692431566602	0.00497508278151227	0.000279574502866007	-0.000216577875305533	-0.003289901854899	0.0128294293267643	-0.0334102740602191	0.0186414126570227	0.000565144934809106	0.00070071955411269	-4.10261009456296e-06	3.10853104410424e-06	-6.09536925186605e-06	-6.06437350738924e-05	5.11188951767555e-05	4.54650315874373e-05	-4.13018578916012e-05	-0.0194194584931739	-0.0109923230882423	0.000107190858967477	-0.00121011220664135	-0.00197703177439693	-0.000709774839863514	-0.00115960995928653	-0.0010337651808639	-0.000434171543698355	7.87704136159484e-05	-8.03537126310947e-05	8.42517923569742e-05	-0.000717106239091821	0.00424677910533836
-0.0307743680430489	-0.0320906352034324	0.00647089278136106	0.00782503244197945	0.00634976023616145	0.00659981101376677	0.0122102810335924	0.0140504920564043	0.0162619312542653	0.0118972939096456	0.00389309985991754	0.000998383641246646	-0.00024174451002776	0.00164883694793992	-0.00714656590437625	0.0227487916627344	-0.0347329972222786	0.00864458680117856	0.00451773084952009	0.000102525131993439	-0.000111809993324322	3.54710748084593e-05	-7.54858529371797e-05	0.000195014299814343	-7.02364483648058e-05	-8.98172202756547e-05	-0.0173280138231629	-0.00923443023061165	0.000617869894034005	-0.00136244652819078	-0.00121146934105976	-0.00176278599603768	-0.00062389697279701	-0.000820054786542845	-0.000512615335094921	0.000143801312119386	-5.87364771912678e-05	0.000308619202185924	-0.000818361064691012	0.00176684872730855
-0.0384429563609959	-0.0199140610256255	0.00762547501654074	0.00514504514116542	0.00582695177621716	0.00714394759910067	0.0121346316296641	0.0142469353974589	0.0143567474716496	0.0109946072656323	0.0035277048383704	0.000696363894391411	0.00040108231357497	0.000103206910767901	0.000652341203862439	-0.012449025089416	0.0267443827086143	-0.019709972395741	-0.00482633075723358	0.00270674517869147	5.15502821703515e-05	-5.80883525944813e-05	-5.58971126364894e-05	0.000110798201428594	1.37044395156113e-06	-3.50038356377463e-05	-0.0149373348463865	-0.00797016001979336	6.97032674520231e-06	-0.00122239437564175	-0.00184558529657843	-0.000860979965849535	-0.000786232546661288	-0.000885184353686388	-0.000330347031538966	8.50892292006549e-05	-1.50852938844043e-05	0.000174920552888194	0.000671064164666374	-0.000470446415168384
-0.0189988582951204	-0.00959374736784191	0.00414653205044481	0.00373745956924725	0.00456273709756622	0.00400435367290088	0.00595861658906341	0.0069101986018462	0.00647819447378376	0.00337113569578241	0.000901049313163132	-6.06179076230308e-06	-0.000196943362812479	-0.000578889789789924	-0.000490838093865759	0.000523364803459626	-0.013117878876366	0.0183980737450209	-0.00643820461471224	-0.00509927532279395	0.00129426377818908	3.79419470138319e-05	-5.88775696249403e-05	1.19334585860741e-05	8.23055348162201e-06	9.65088059791546e-07	-0.00662987983806283	-0.0030964602350242	3.02491122514578e-05	-0.000460342650628822	-0.000349984433724705	-0.000322315673884409	-6.26217235302056e-05	-2.86398208665426e-05	1.55725954819825e-05	0.000136876714397243	0.000124696113206622	0.000145834811345572	0.00023582960778436	0.00051043431831968
0.0078823860536213	0.00731500022728403	-0.000141480534295647	-0.00177557329000059	-0.000529417693431642	-0.00197654016506183	-0.00316571194596377	-0.00417076157659866	-0.00479578413181169	-0.00422950323170584	-0.00168430127365731	-0.000218383551386194	-0.000304557141768445	-0.000226158312714774	0.000659044465550384	0.000535864701119745	0.000511811823830993	-0.00535817131445801	0.00684751314719219	-0.00142903558334206	-0.0027100832857443	0.000909222520989607	-2.61113137390956e-05	-0.000103773982323724	-1.11200099645251e-07	-2.27677362199959e-06	0.00426207269835923	0.00289546108095849	0.000202464242653612	0.00055141628803023	0.000926903190588914	0.000420356395710524	0.000484167721724661	0.000478603995927254	0.000217480326583004	9.81356118947338e-05	0.000110360514930518	-9.37884243832739e-05	0.000271448062149679	-0.00057157106734242
0.011305074174101	0.00987760347031669	-0.00154313217297577	-0.00196942084377509	-0.00186673895169985	-0.00292435480735583	-0.00487634339725236	-0.0056525538031327	-0.00609826424067334	-0.00476302286012894	-0.00150910222629115	-0.00031377108307328	4.62808186318363e-05	0.000220401328402863	0.000688976011919744	0.000981439931064372	0.000541549358095483	-0.000586693479119208	-0.0019920277739372	0.0024881150596443	-0.00154343992165887	-0.001745294698056	0.000921317081338863	-0.000111168635960717	-1.46044500706664e-05	6.48611300611564e-05	0.00557202711738839	0.00330163741484797	0.000147120729354392	0.000867888767106924	0.000847901764792556	0.000516923241536855	0.000518402351355669	0.000456531388540128	0.000212598067810946	4.35960049057959e-05	7.6349569883701e-05	-5.45358781487207e-05	-1.07975760567694e-05	-0.000275950455123748
0.00352731443763706	0.00314591083049909	-0.000470519200455948	-0.000767262721980329	-0.000885807259236992	-0.000936636470269207	-0.00152937856091298	-0.00178379703182431	-0.0017783682314228	-0.00130456849039451	-0.000229690637806349	-5.07708500533413e-05	4.13726580017459e-05	0.000176350324062333	0.000240036485579833	0.000136088420281289	-0.000143973015761632	-7.59553257920382e-05	8.11882950600823e-05	-0.000796021506785271	0.00170512562653525	-0.00197481529299397	-0.00194317921600363	0.00115332142639334	-0.000112651351247315	-2.06980300685444e-05	0.00165940445122556	0.00100606157299035	-1.67232406123519e-05	0.000270089732852366	0.000238750483641647	0.0001117150420993	0.000159731125348462	0.00010542375477009	7.02835051886344e-05	1.57716825556269e-05	1.93087005313056e-05	-2.31674059477519e-05	8.87449897685434e-05	-0.000212581237470634
-0.00531867356076971	-0.00376998225095097	0.000860683869054426	0.000980160819375238	0.00074206348018449	0.00105126042364222	0.00197496846284639	0.00229910487690806	0.00258769053139567	0.00202101179526209	0.000575454548723954	0.000179635708178947	5.20874273427999e-05	-6.58334652025435e-05	-0.000244195265247153	-0.000332513665553513	-0.000105536677290263	2.63622303727262e-05	-0.000237056755496529	9.31718325614485e-05	-0.000897137438780095	0.00142145460969836	-0.00125716589042632	-0.00257611335163453	0.00131013937392237	-7.41023267763403e-05	-0.00236938574927087	-0.00136557370993227	-6.67090026312558e-05	-0.000277207817974534	-0.000366180267886937	-0.000179759257788638	-0.000232111211306953	-0.000159643201183618	-0.000118646640780184	-1.46370374326884e-05	-3.01418837977037e-05	5.21126995910665e-05	-9.61181964058294e-05	0.000304998787793045
-0.00372439359607995	-0.00530475112189447	-0.000521898237865061	0.000583013904734049	0.000207407390519315	0.00122401562255615	0.00219175108760711	0.0027512230115773	0.00315655881792983	0.00304791714438501	0.00102625995925376	-3.74912576709548e-05	-0.000152345625266715	-0.000138211441045212	-0.000457718600452395	-0.000336471392226719	-1.69963228885532e-05	0.000575822586278011	0.000288971098270667	-7.69440842268826e-05	3.44764486810325e-05	-0.000721125211083435	0.000874880738124478	-0.000900549967569625	-0.00177407966450825	0.000535225826578897	-0.00264250225065576	-0.00199125342034146	-2.83417145001629e-05	-0.000534554016472945	-0.000588782419974963	-0.000310458325886318	-0.000407051401707541	-0.000333773738999411	-0.00016182134641446	-7.40926161279669e-05	-0.000131362918859566	-1.59876858368242e-05	-8.83661351734855e-05	-1.84993224281123e-06
0.00466103594440258	0.00475952381374797	-0.000186531232581144	-0.000659152326111338	-9.15530034163947e-05	-0.00108452721977379	-0.00228509355145471	-0.00257020656968033	-0.00301874360027738	-0.00291780175159864	-0.00107410024770073	-0.000197818262356904	-0.000139792354961055	-8.38410907409108e-05	0.000390553874098408	0.000594322617599171	0.000348744908868542	-0.0005240263274011	-7.56898658871238e-05	-1.18163478623744e-05	1.24085400975849e-05	5.5434088532703e-05	-0.000701030462879265	0.000524292517089836	-0.00146237648587749	-0.000627324080362456	0.00275347985128675	0.00188351383894775	9.79292016629584e-05	0.000423948899069921	0.000574486979828597	0.000357321428176365	0.000391202920037133	0.000312774661873728	0.000179498863658154	6.44633787115929e-05	8.98763792410983e-05	-6.48825218050234e-06	3.80655077150904e-05	-0.000195726617869792
0.00823455405107576	0.00827796949023566	-0.000245948114234216	-0.00158975581216368	-0.000953234080503135	-0.00225155306670447	-0.00371198914812788	-0.00467733401434169	-0.00520234518610998	-0.00440291972747735	-0.00137926599385288	-3.18117961106412e-05	0.000225288527917467	0.000292681569953593	0.000672990799757334	0.000510868062913105	0.000196994205467614	-0.000370796316063971	-0.000411173205662815	-7.0106273718889e-05	7.2385310491763e-05	-1.87315807976342e-05	9.71457570348866e-05	-0.000335139318264576	0.000133580576785033	-0.00198308083300445	0.00461912267164663	0.00294677155274791	6.41005221418462e-05	0.000693020537604223	0.000834144854022863	0.000397353854071487	0.00050019133939614	0.000431733269573725	0.000207982911207381	6.36278920193986e-05	0.000114672432959784	-3.11514624793432e-05	0.00014168907382978	-0.000186909322154501
-0.819294048393869	0.502906858417162	0.697326896282775	-0.0884623627353995	-0.0899987253253008	-0.0305537996921957	-0.0509538098548559	-0.125673250742919	-0.117222191892556	-0.140142706409127	-0.0691599402125229	-0.0133879135432904	-0.0117228216721552	-0.0123918343177316	0.0137180686414245	0.00482291320012618	-0.00573614416074915	-0.00561535102753274	-0.00781270668041589	0.000509406267848037	0.00138243702093034	-0.00130414967801955	0.000222385959064187	-0.000143623823116723	-3.63021188028214e-05	-0.000100868824134809	-0.393699575724437	0.427786340288478	0.155919161019563	0.000226526223582471	0.0226724169087362	0.0295822603791092	0.0388226648809191	0.0280860605055322	0.0165283229809711	0.0124401551924298	0.00493893988858301	-0.000223464074063009	0.0136582602782977	-0.013331830262158
-0.0616067537566461	-0.069434185606895	0.141117027482855	0.233342434714961	-0.0785195508650103	-0.0454941492879221	-0.0428232022913184	-0.0622856834017923	-0.0801475567290731	-0.0774078080244548	-0.0361201524828025	-0.00857726907460742	-0.00486011625139393	-0.0029601170050963	0.00352247632535289	0.00362477848030148	-0.00276408589509659	-0.00485743748935953	-0.00390944043340889	0.000107028348552392	0.00053125431761794	-0.000518470535989246	0.000429316224264246	-0.000231229460902017	-0.000117153032999102	-8.48666262824821e-06	0.296014309359797	-0.423410415196778	0.204343315604566	0.0938547053513609	-0.00503683645174166	0.0124392012275087	0.0154261415547843	0.0146313000266627	0.00932132095369263	0.00518670019271103	0.0031107485384812	0.0013806514119634	0.00285582252225964	0.0020971026220893
0.288357405275939	-0.0580434207867566	-0.550136433176693	0.483202564786464	0.19825563562658	-0.0720511773954768	-0.0575244699699686	-0.068853279945003	-0.131353135765376	-0.130852315626068	-0.0571950864950736	-0.0128462853944127	-0.00225274219909289	-0.00389611224515008	0.00120662263176735	0.00385362185276429	0.00229977763045852	-0.00330239595970344	-0.00483777165677551	-0.000146467290140165	0.000447127492315485	-0.00105663160484144	0.000509614409800475	3.36668857573367e-06	5.54753030455785e-05	0.000137754902274565	0.236587517117945	0.149224834579469	-0.410503087658271	0.207585704993155	0.0666962618525491	0.00568111424809597	0.0133692216356722	0.0179825135571571	0.0110858212514883	0.00497762985891323	0.00570320669437637	0.00314615720270408	0.0043935662576447	-0.0055315877035401
0.290587899697742	0.228776208346643	-0.197445820059515	-0.471903780317413	0.538755850767452	-0.0423166096516795	-0.0618160882285563	-0.0429287230974335	-0.103537513078885	-0.106321929849049	-0.0437417866163305	-0.00887693457089384	-0.00082509194913553	-0.0030971104172067	0.000865277186290225	0.00232211535905302	0.00299146543003518	0.000266344338795264	-0.00361951005805975	-0.000313868681919633	0.000252749726698435	-0.000834650795158118	0.000458890343061265	0.000676387169759038	1.33477391655374e-05	-3.95634372753395e-05	0.0983467567579139	0.123971596044056	0.0540869752010977	-0.326390403130699	0.192748308684696	0.0194229561943583	0.00757500717825859	0.0168950015388331	0.00949604225609595	0.00455177794095411	0.00530344976846585	0.00225212878037718	0.00425015646587015	-0.0116051541922366
0.150358552325887	0.101519087845414	0.0962755189569238	-0.0476651006898206	-0.361164502806206	0.356283689046272	-0.0641420308203803	-0.017452843194517	-0.0432659841470572	-0.0461326162715504	-0.016729239204419	-0.00218265986357952	-0.00150452097399177	-0.00162010938290893	0.00211394093442846	-0.00127255878230702	0.00157319161765916	0.00298134139135081	-0.00115289126047711	-0.000225065148942398	5.41099019954449e-06	-0.000409989361487124	9.89282308200296e-05	0.000503349487770502	-2.6416748134472e-05	-0.000160027708442352	0.000176064329049181	0.00474805808388373	0.0357897954654967	0.0855563818711987	-0.257171714753425	0.144053477757586	0.000317384921961201	0.00874711453821583	0.00655205887258758	0.00403829509784301	0.00256519472744218	0.00137429915619525	0.00290907696708615	-0.0081728421968558
0.0478631949237555	0.00929474677728907	0.036978613115677	-0.0123581826265927	0.058262766618536	-0.200983213646435	0.183773205608342	-0.0395737822765192	-0.0180841688484749	-0.0191406747904687	-0.00562736572284094	-0.000427017281291588	-0.00229554353249055	-0.00148442531091454	0.000774256675547562	0.00168135045578525	-0.000398180837460936	0.00115373275462125	-0.000316017952276406	-0.000166383246377203	0.00010187929038873	8.78886077968773e-05	-1.05860862843362e-05	7.58402966782234e-05	-1.245973584273e-05	2.32751281567946e-05	-0.00321246117105563	0.00484733956568389	-0.0039806266414223	0.00480543292333531	0.0968327597348073	-0.203209804225119	0.100685039040092	-0.00497993049473081	0.00385344446156156	0.00309545875667071	0.00239392204448842	0.000136001713140458	0.000862959041900394	0.00510334480684134
0.0766457879926602	0.0298779095815947	0.00219327550588585	-0.0301989196136618	-0.0490495725071105	0.0205666089004642	-0.0608974404242225	0.0755407923838555	-0.0210126533737516	-0.0101047090447605	-0.00388233514549295	-2.12162172292684e-05	0.000136464374304264	-0.00114795845739028	0.000885731331459418	0.000118338120599475	0.000272860593640756	0.000265554787995511	0.00146221707255362	-0.000443836571018171	-8.6513530317206e-05	0.000142906917567375	3.12182413963727e-06	-0.000361870267788162	6.01964831978203e-05	0.000218568636255933	0.0132069954347677	0.00393467415402696	0.00213238241137545	-0.0054814962473124	-0.0117548849626842	0.0736764810089393	-0.13251731036434	0.0510616190614879	-0.00109287180579255	0.00222965363101691	0.00216143449427672	0.000989039366003345	0.00139188557443227	-0.000737900224661476
0.143586862840897	0.0139858186263556	-0.0120519114052753	-0.0487709770883072	-0.0777090255644887	-0.0377010919600978	-0.0208904465512223	0.00355272772962003	0.0450895578839214	0.00913044547492954	0.00482648723899659	0.00161088233422288	0.00180600400475954	0.000338597006270029	-0.00191637459123168	0.00138463852265556	0.00101154953795668	0.000127447867561958	0.00216105252662153	0.000131482556304971	-0.000484957818351876	0.000403463348066275	-0.000131263158857454	-0.00014162482492541	-7.87215593299859e-06	0.00016373186719273	0.0180452150761741	-0.000904732267445481	0.00027142078796276	0.00259462423331926	-0.010280079382212	-0.0208718559664553	0.0413535793554349	-0.0734094701557524	0.0216462481549313	-0.000818311525071947	0.00177096169760754	0.0010605831102563	-0.00150197255467266	0.00434192228317437
0.119114437564447	0.00698996766440289	-0.0207898943321555	-0.0224384149956219	-0.0395598915592396	-0.0210445496717707	-0.0234709865397619	-0.0235364321847712	0.00819319044571557	0.0257403680338794	-0.00170453956980294	-0.00427607679610246	0.00279304100935951	0.00249089019162275	-0.00261735037988341	0.000771166486499703	0.00247167018818567	7.58641148100843e-05	-6.92463530497125e-05	0.000311222660953786	-0.000225060335548304	0.000289851827563423	-0.00018288305497443	-1.68098576900727e-05	-1.55314509034297e-05	1.09742621705436e-05	0.0280848890790419	0.00399837093669192	-0.000385026256861968	-0.00105440748797888	-0.00430752607663854	-0.0017509082426429	-0.0135319111401936	0.0198918189378662	-0.0412781711920884	0.0131601745224293	0.000944328060827246	0.00269150234646711	-0.00227531391168369	0.00560496059443481
0.0354210055127993	0.00943386063149399	-0.00947290979290298	-0.00397869012372471	-0.0110628790789661	-0.00634570010434211	-0.014610070173967	-0.00916836522132685	0.00222164480814153	0.00667023334965955	0.00717630917215794	-0.00815534565919432	-0.00112972377768562	0.00334180009861616	0.000493002467509516	-0.000464392924044118	0.00100802163310031	-0.000187354121171478	-8.23488511191773e-05	-0.000203722273406351	5.79124444729535e-05	5.70673225846056e-05	6.29739192903477e-05	-0.000131072836270382	1.46684860006648e-05	6.68933891699457e-05	0.012950792825313	0.00258700947291184	-0.00108583543783661	0.000834612429318339	-0.000921868308990641	-0.000393051380342581	-0.00170456551811121	-0.0063888269450943	0.0137054647714085	-0.0282759172903698	0.0109532512404932	0.00210541819630724	0.00203474486177968	0.00111033891167274
0.0178389371818518	0.00812560891784937	-0.0112751117053662	-0.00458735791582362	-0.0026544625772212	-4.58462804537318e-05	-0.00105737928295773	-0.007771408206418	-0.00407981497785297	0.00681277625717337	0.00604583801135394	0.00250512270386313	-0.0111733875268475	0.0036863113719537	0.00229632735437321	-0.00030370578105787	-9.81945723136784e-05	-5.17941231273641e-05	0.000160960780515485	-0.000122245675678837	0.000174842093153665	-0.000236813110154058	0.000262473669829191	-0.000192438328095646	1.31793631829362e-05	4.32227485852181e-05	0.0059888369079126	0.000848243803763926	-0.00145009721080357	-0.000622951088320751	-0.000269017626162153	0.000744367696633117	-0.00103820988581392	-0.000750948582886811	-0.00438000579987478	0.0106289529589089	-0.0222911663622366	0.0103737238035933	0.00244029690864494	0.00346288853982473
0.0229273343814877	-0.0017755365792502	-0.004214537308188	-0.00607759673364457	-0.00553053638411279	-0.00267013068675462	-0.00380732841146225	0.00191341632871666	-0.00382779623475626	0.00187553208026824	0.00554433550935775	0.00368700110179962	0.00461330877851735	-0.0111195236531612	0.00301528305662424	0.00133637551900545	0.000594902263105127	-0.000784016617381277	0.000334653639550435	-1.26310554431541e-05	-1.46969291262146e-05	8.4348712454572e-05	-0.00012310265916333	4.87910000890301e-05	-6.52132614704801e-05	4.11653293839067e-05	0.00397664626194013	0.000463321562758105	0.000179849468307417	-0.00138383502592686	-0.00101392684512967	-0.000305118922159598	-0.000811865412820571	-0.000274969162397047	-0.000483869004586694	-0.00386867503457119	0.00945610288587128	-0.0220614047211822	0.0118196704173789	0.00454346522602406
0.01770413374436	0.00876681876674642	-0.00829922709266012	-0.000550451705182904	-0.00423658870997556	-0.00297939769705147	-0.00627542356036016	-0.00608794097862835	0.00104435102296806	-0.00271394862980819	-0.000280470696958349	0.00822180247020909	0.00108035643048079	0.00735184872368618	-0.0128398929414692	0.00143640445508531	0.000361346997590853	0.000190599358312469	-0.000320852009975576	9.83983831112503e-05	-0.000153134111325002	0.000188472155324801	-6.71150194066902e-05	0.000180366441351998	-9.36626382608486e-05	4.09672686727184e-05	0.0071780252422943	0.00230791466232329	-0.000703473009595832	0.000441579673458711	-0.00107666166569565	0.000196272949435352	-0.000554325739093922	-0.000393998772875444	4.08305284992176e-05	-0.000344252363372444	-0.00383955204777601	0.0120542567576405	-0.0318357948338891	0.0257529514815859
0.00424996727874337	-0.0112047005390458	-0.00480009653100089	-0.00439958629763472	-0.00267363882509213	0.00425081162090067	0.00551644488025727	0.00596965994642799	0.00638225251733207	0.010526940958555	0.00229211295915555	-0.00194146388814132	0.00868536470295372	0.000352561576861001	0.00377151814431641	-0.00634364354221282	-0.00182830519470846	-0.00103201494511706	0.000664407467352348	7.9386613130799e-05	2.17841488448975e-06	5.04826145194688e-05	8.45163856160862e-05	-0.000233154168111389	7.24224207006119e-05	2.62680684355529e-05	-0.00321504919467812	-0.00330635564618361	-0.000859056797914903	-0.00275604612051679	-0.001981490546279	-0.00104835428096857	-0.00106807556918165	-0.00130063226875903	-0.000276872023300292	-7.80861152990033e-05	-0.00031352206444253	-0.00471174458546854	0.0118746928144642	-0.0375264204911651
