-0.321898324761921	0.321501854879534	-0.0423304394401672	-0.0598581716206716	0.0176327094871352	0.015841499110318	0.0160282698792851	0.00213434743433348	0.0105664292129393	0.0117357075936697	0.00974591487194272	0.00738249650364129	0.00176411976615295	-0.000352075137626015	0.000667248675544518	-0.000793404376439689	-0.000730746374706331	4.85993264046485e-06	0.000282798958914296	4.33544315320582e-05	8.58440054777403e-05	0.000176917001107066	-0.000108495873778447	1.33256119141134e-05	5.38197930060204e-06	3.99734181100549e-05	0.0272128579669671	0.00237146022707328	-0.0267719933701783	-0.0125111908932927	-0.00393182952813844	-0.0027631576567386	-0.00318378569648305	-0.00405064941674028	-0.00329261840745467	-0.00186395107569135	-0.00176544993913399	-0.00153721299256885	-0.00224701872577923	0.00170427834700002
0.301053042508602	-0.465020097011985	0.100938786000196	0.00179689560227223	-0.0117252496667854	0.0034710594340081	0.0109335839908491	0.0232595645741781	0.0259700219110456	0.0340001578655088	0.0178183932045574	0.00442169878998134	0.00392965119714378	0.00286536925269039	-0.00317756757540232	-0.00184924323513428	0.000264069724708246	0.000946168229189612	0.00184232064364732	-4.84193808741196e-05	-0.000302787026125746	0.000259187259419376	-8.10939908587141e-05	-7.50781037756276e-05	5.38055466492725e-05	1.458159743574e-05	-0.00512217614260387	-0.0135532983387308	-0.015349617638415	-0.00962549860337064	-0.00512343987334626	-0.00570511225644196	-0.00649924373130653	-0.00568780793017735	-0.00353036124848234	-0.00281721342448343	-0.00194153429465874	-0.000878263144551019	-0.00239654849181487	-0.00123301982367283
0.0549262343314794	0.0990605684696225	-0.254531099445911	0.0923926007334412	-0.00248102603277592	-0.00722958061517184	-0.00383183657434437	0.0121738154228894	0.011072159895851	0.00984128992308182	0.00390778833878256	-3.18920996342606e-05	0.00102545106477103	0.000377766493372786	-0.000949084716763956	-0.000524834273476551	0.00045080854215625	0.000743872761094027	0.000606647296722861	-3.20250166441367e-05	-0.000146974778834283	4.91601216121393e-05	2.84674288075181e-05	5.51383261337447e-05	2.11560659419348e-06	-1.36629521760684e-05	-0.0156122518110492	-0.00487945137071293	0.00924103061925458	-0.00430649337778557	-0.00196533141053559	-0.00146345996093253	-0.00171998101227277	-0.000931446348957828	-0.000535808545324708	-0.000575829496099424	-0.000105230234902871	-0.000273912386839289	0.000126356157765192	-0.00142091847132835
-0.00020410916166623	0.0332551646097199	0.116520532774657	-0.175276981864038	0.0338087820584443	0.00284561983084172	-0.00777624329328271	-0.00351165274766136	0.00112761883274583	-0.00466644923445313	-0.00553874902668114	-0.00302058336200329	-0.00156526253310018	-0.00054974731996811	0.000809763596215903	0.00067893267190978	2.34888153106624e-05	-0.000457751235581081	-0.000391295059706622	3.93253721586112e-05	7.23712313815855e-05	-2.61763680427822e-07	3.54150069912909e-06	-3.37772333353365e-05	-3.00499907726364e-05	1.05810966443311e-05	-0.00625874878854716	-0.000600277094742852	0.0104299804875112	0.0134550778844988	-0.00575358485153918	0.00107872896506365	0.00167114894881862	0.00105466332271585	0.000752409455191361	0.000875711061366866	0.00078993925818015	0.000505582489446433	0.000728254918124372	0.00135608299902495
0.00711019251293619	-0.00743829067511771	0.0348718088582925	0.0828889886347284	-0.1411702187686	0.0152965663605482	-0.00312953345020865	-0.00921018785402125	-0.00451126184387103	-0.0090924963929007	-0.0079325791860473	-0.00390213654076204	-0.00222707437887067	-0.000477712271713063	0.000851206207497719	0.001158437174525	-0.000592802487196758	-0.000871093990600091	-0.000520268417973774	6.2267970637746e-05	9.8333704844956e-05	-4.72069866759701e-05	1.55567405682034e-05	-0.000115439802150286	-2.79124079520572e-05	5.981226836188e-05	0.00612832911169082	0.00735939566046303	0.0123406549404332	0.00514347866693196	0.0106766641654879	-0.00487701554717762	0.00242518172528364	0.000991619289498685	0.00103290337127956	0.000841846498055896	0.000725555962878077	0.00084500631026663	0.00065222044794492	0.0023984189712346
0.019499646529213	0.0063160995797506	0.0182172006654848	-0.00553422834020658	0.0306213022887616	-0.107804520918554	0.00816528462274034	-0.00258550704708203	-0.00042799894200856	-0.00292547868366633	-0.00475053505613179	-0.00326006614416845	-0.00142294159587544	-0.000223126910708941	0.000140353349614851	0.00089710395490527	-0.000105357848793947	-0.000890879667950189	-0.000248958087543317	0.000117054162211707	-3.04365202928532e-05	-7.16386644265991e-05	2.88134170707406e-05	-3.24223824528204e-05	-6.13032155645416e-05	2.62482554032924e-05	0.00667471910073637	0.00568876823956464	0.0105749806789461	0.00700707168132953	-0.00379575374418911	0.0101854589699209	-0.0035138607529324	0.000941536328316198	0.000193767745800274	0.00017023584727341	0.000303932212467212	0.000660720797824608	0.000322850831190186	0.00149631315140588
0.0117255948707364	0.00784945350545636	0.0131866960300814	0.00968215381763758	-0.0203822048710076	0.0231349238768373	-0.0828499724100472	0.00331660708927339	-0.00134152842184579	-0.00225101624859755	-0.0038010369347188	-0.0036811489166396	-0.0010184187308717	0.000251608332029967	-0.000326846373996445	0.000146183061499673	0.000468450730345232	-0.000420364739354002	-0.000878219281972921	0.000173951128001319	3.26149030805357e-05	-0.000117315368467952	2.3450849989796e-05	-1.06931405967407e-06	-1.89384298780438e-06	-1.79133963793334e-05	0.00933749876175431	0.00728292533383641	0.00908450199182796	0.00497451750189812	0.00260471297767358	-0.000693012229041148	0.00673307488982391	-0.00122470703093862	0.000390188603854982	-3.26912865573867e-06	1.61099269732849e-05	0.000651989666641432	0.000261642981110384	0.000661964867330458
-0.0133272417100753	0.00986450306099853	0.0304273039846632	0.024914995733169	0.00715320275333981	-0.0114326696197033	0.00171831522121155	-0.064211246825691	-0.0121441769218152	-0.0148214188062913	-0.00823627076853545	-0.00524630001891652	-0.00319050872210179	0.000370649255012377	0.000594267964369833	0.000433015932856844	-0.000136666466795713	-0.000893187084997453	-0.00178064106450668	-2.18413337321617e-05	0.000250388489779308	-0.000256484222305984	0.00011617949788705	-8.45990583894515e-06	-1.47673667835218e-05	-4.80715218137519e-06	0.00978708948748658	0.012513230199035	0.0130097224554635	0.00822627912095548	0.00575267185181369	0.00595666546960308	0.00263146814138307	0.00714738137551814	0.00122887061889146	0.000998864812368523	0.000556639148299837	0.000503450683450048	0.00120240961187446	0.000339233667544599
-0.017812164167535	0.0187777748307232	0.0401439216046966	0.0255838262659846	0.00729658727835573	-0.00373516297857803	-0.0143344257318035	-0.0174740323706723	-0.0588087392054495	-0.0249988635863504	-0.0105353438301747	-0.00340169865532479	-0.00432373311129568	-0.00140495179375675	0.00232119510608833	0.000157565937431099	-0.000880750087453773	-0.00129138605882219	-0.00118003784654655	-0.000131556264114269	0.000323088998885362	-0.000371102070729688	0.000232829175374304	-8.12522812450674e-05	4.37632615452812e-05	4.24281882555165e-05	0.00917600922178602	0.0157365328098639	0.0163608494026921	0.0103071890621089	0.00742064548787712	0.00685373039287489	0.00658310160480949	0.00549143508245117	0.00563184013237155	0.00171984363080309	0.000995044539960627	0.000166718766748564	0.00267805899973223	-0.00264825461698389
-0.0116463487842697	0.0147014169961255	0.0441101830660162	0.0252140665008479	0.00222944719000757	-0.00442024130344641	-0.00883301628528968	-0.0212092659998915	-0.0357640275377845	-0.0566302743608832	-0.00883843321641233	0.00247791252001989	-0.00127057992651899	-0.0044486981505875	0.00152330838983195	0.00157683082125689	-0.000749843015105831	-0.00120924935622593	-0.0012335274085384	0.000126911522483459	0.000144412070492694	-0.000292263553609238	0.000158104411974272	-2.4473629610735e-05	-2.03295202924087e-05	1.76651411067373e-05	0.00829828883773171	0.015600642959738	0.0183511882377242	0.0105767923383939	0.00688503858457085	0.0065072693411259	0.00681654989735151	0.0065441291529593	0.00365903227340028	0.00394038960118391	0.000896846381178023	0.000131563987195478	0.000702336895640545	-0.00159370278821923
-0.0163885348584367	0.0141048711449271	0.0494131261687256	0.0283396800615585	0.00393196109668977	-0.00527211392827496	-0.0106381514519383	-0.0176863498395296	-0.0334742670386684	-0.0484030806099969	-0.0386339523702331	0.00501724430028181	0.00619460774167947	-0.00310985063944495	-0.00120884597701448	0.00207412234576035	-7.91554619096045e-06	-0.00133811590632775	-0.0013997170126893	0.000135871573132631	-2.53631900047233e-05	4.93727059291116e-06	-9.20491136098211e-05	0.00012916025421051	-4.35113798596095e-05	-2.47096465554478e-05	0.0079877517803051	0.0166542025859404	0.0196380547394942	0.0115427945146649	0.00772487841404217	0.00627129848248669	0.00758711052260994	0.0070527265243332	0.0054725242489087	0.00257723700635453	0.0036975686640974	-0.00013459092744213	0.00106995432960131	-0.00503002401715019
-0.0262434220266415	0.0173698363046609	0.0545715300097233	0.0319079480571474	0.00706070897519396	-0.00313013317184175	-0.00907080242109342	-0.021164817815654	-0.033781711221023	-0.0473668149688395	-0.034651219730462	-0.0224573258468792	0.0102586684217795	0.00381589119361346	0.00053461522521988	-4.41386371162008e-05	-1.59309912605238e-05	-0.000475759850343996	-0.00195428759279257	0.000117793199603373	0.000184048983628691	-0.000387767221032769	0.000207491746854627	-0.000110101776934001	5.0670283321157e-05	-3.16192997400929e-05	0.00770973533496819	0.0180823418943828	0.020456026154045	0.0130784565316831	0.00946827535666359	0.00700896867066376	0.00844415072252012	0.00789489386920547	0.00581576835544164	0.00418351344656028	0.00272947643787317	0.0031532913574695	0.00180732442081191	-0.0057142875700432
-0.0348679882254329	0.017166709498475	0.0609443747135667	0.0319721015057477	0.00869835249584929	-0.00391725724701061	-0.00755598795685481	-0.0175006714048739	-0.0355026766191029	-0.0478984728462267	-0.0299633575226731	-0.0180219938802438	-0.0211594719231524	0.0115537897265866	0.00915975830214312	0.00163019436211393	-0.00124725269203853	-0.00109755671642942	-0.00147914212825194	-3.21714665877464e-05	0.000348643845907237	-0.000469757092766433	0.000245422885519512	-0.000125122555946534	9.63528438938588e-05	-4.3513487446263e-05	0.00587519685821149	0.0185303267358021	0.0209554041923143	0.0134802420600234	0.010327008526267	0.00742776108129892	0.00886598179001927	0.00839237620091477	0.00587547273598644	0.00410773858826561	0.003678961811252	0.00236360057065785	0.00826497116389259	-0.00637003461859456
-0.0344670106503216	0.0159057667012252	0.0557911365586929	0.0320151434775144	0.0110863457028261	-0.00391941397258571	-0.00843445134029782	-0.0173344006877487	-0.0312910882982895	-0.0454016911667908	-0.027050493265931	-0.0120636529968846	-0.0101488890717666	-0.0217941605545645	0.018928186741615	0.00608805183893668	0.000634823707972955	-0.000524409477225692	-0.00190025926536122	0.000221547965266309	0.000139509287369326	-0.000270735937002496	9.01672240461791e-06	0.000129763545218338	-3.47813793557371e-05	-1.43234581562449e-05	0.00484820750341547	0.0173358454923273	0.0191667184503487	0.0129000140879618	0.00972129737532938	0.0071268659138775	0.00826849601699456	0.00808933606740016	0.00540822901117704	0.00392414972219562	0.0030737790588873	0.0024405055327564	0.00763953458796948	0.00250134816387845
-0.0272584470517868	0.0133871770891689	0.0480384531867189	0.0265004172206117	0.00935991426698713	-0.00366452673505408	-0.00735044128205285	-0.0139174778475398	-0.026908438650837	-0.0382056310721995	-0.0232598608362765	-0.00809663237558517	-0.008098269973783	0.000966142915340973	-0.021608716201055	0.0210853913158157	-0.000200065873745202	5.77313836886373e-05	-0.00161154595455081	0.000105170949856385	0.000166958825618408	-0.000263223919559542	9.84749812392085e-05	9.04104399457685e-05	-1.58545257711818e-05	1.44967855874723e-05	0.00443494695582091	0.0152323955777284	0.0169267107250151	0.0107746683473571	0.00794269851262972	0.00631877256416655	0.00706044329222039	0.00683340839361259	0.00473688320005774	0.00333149652172605	0.00279506293901395	0.00185861007324029	0.00377872426236474	0.00697113255322951
-0.0280664477701822	0.0183811491881074	0.0418785578191505	0.0243620879256109	0.00803561747844578	-0.00252782343380311	-0.00672338908375535	-0.0124160671771131	-0.0242768433887848	-0.0346301482745707	-0.0202622729274306	-0.00762525304335093	-0.00353942422568968	-0.00527405823707365	0.0148208191937987	-0.0316173300755104	0.0186829934618534	-0.000551462949102902	-0.0010866849453364	3.93923562165474e-05	0.000198764957246668	-0.000326755245545287	9.47543424064984e-05	3.98746115148333e-05	4.14168445024763e-05	-8.78936067377408e-06	0.00593224283516272	0.0142274374251635	0.0147198054722594	0.00952323299387552	0.00671748679821984	0.00623450366187159	0.00617054919065169	0.00611094012345444	0.00434520267368995	0.00310767367443012	0.00250965469046126	0.0016890684856583	0.00243922486542596	0.00289157624827293
-0.0141254778199202	0.00591499634708832	0.0376669750200197	0.0188819755761731	0.00627910509066812	-0.00248354349825506	-0.00543627989993437	-0.0100723753948377	-0.018386862138837	-0.0279730140310523	-0.0171578196935696	-0.00559517119384394	-0.00301338873524854	-6.18257408930981e-06	-0.00548551280618199	0.0242443175815863	-0.0346983139461243	0.00771320464656202	0.00302682551215509	0.000138805043698765	5.13904519051145e-05	-0.000231996933240114	5.41343998948997e-05	0.00018563524625843	-7.36131119759099e-05	-6.26979780179195e-05	0.0038182834102568	0.0118018128627086	0.012806507175931	0.00759042432570079	0.00604078058319043	0.00402955809036106	0.00549031690757913	0.00513946879941207	0.00347394424454442	0.00267026246811517	0.00210163480596315	0.00164722485875268	0.00181438988321547	0.000636450334871908
-0.022808723014076	0.0157753395406929	0.0369203302706969	0.0155281293435864	0.00576060266723769	-0.00138582718531492	-0.00443646996977637	-0.00840577800716234	-0.0181803954752379	-0.0264458280789696	-0.0162402787362494	-0.00549535059804435	-0.00220164567555833	-0.00145094841456229	0.0022121623925875	-0.0110446431229102	0.0267769522327908	-0.0205845920097382	-0.0062263737408886	0.00274081403239915	0.000204804571726147	-0.000309255679342656	6.58235097055495e-05	0.000101990748805559	-1.80043087088375e-06	-9.53735973654393e-06	0.00492021367125171	0.0117840415429398	0.0114527782389998	0.0071848490008645	0.00496468049809878	0.00457835309832095	0.00495535414516401	0.00471113955322818	0.00341325400637862	0.00245757668784795	0.00201362342508472	0.00143194567070649	0.00314336364602842	-0.00153195333878219
-0.0117042650742423	0.00705815065948019	0.0178148743222885	0.008581980816572	0.00453178004646983	2.45462888520044e-05	-0.00177309898070421	-0.00365906475563074	-0.00870292871278217	-0.0140977570724878	-0.00832226185113261	-0.00289498109751122	-0.00141131963084112	-0.00130402486029711	0.00023694054526379	0.00117861888244624	-0.013102682644802	0.0179899952569019	-0.00709143421867738	-0.00508337953668251	0.00136576889627563	-7.9247264529074e-05	-2.08537477438732e-06	7.82409276226771e-06	6.75109225888575e-06	1.28471917962807e-05	0.00263522038052633	0.00612042054229653	0.00537061412737736	0.00346229424365912	0.00282753745659668	0.00221555882341631	0.00261627774214295	0.00258248318896496	0.00176225541304692	0.00124382775884201	0.00107124747521784	0.00073233538988	0.00138935077102559	1.51582765025235e-05
0.00303161948450115	-0.00375819711456975	-0.00923066971043586	-0.00499708832152502	-0.000508831839774031	0.000669956496990312	0.00197573272026259	0.00285759871742527	0.00529937574966338	0.00738698016552318	0.00444902626053692	0.00170269316526405	0.000502980115610944	0.000256042798657063	0.000175085431028046	0.000100133127831945	0.000501706617164188	-0.00508680683561647	0.00728189848286858	-0.00143960598055608	-0.00275763283728646	0.00098715113090673	-6.38770495144028e-05	-0.000101041331748866	8.7261364051394e-07	-1.01781479454917e-05	-0.00189904376681222	-0.00323359036748015	-0.00334877751927608	-0.00205706307928379	-0.00118608878737405	-0.00126728216004803	-0.0012972497715673	-0.00125774343571559	-0.000944030721634256	-0.000637965902947385	-0.000519078243855618	-0.000483800219829482	-0.000495621701165996	-0.000242221863982213
0.00512814484321283	-0.00422292197715214	-0.0131172366812196	-0.00607167363301414	-0.00184052508190273	0.000445673954694587	0.0016707332161895	0.00329730684870257	0.00675683572823729	0.0100293189266115	0.00630103050264382	0.00213251342657596	0.00107459263281929	0.000834432563626779	7.27062506989426e-05	0.000426582652924161	0.000528681464626453	-0.000241140011469776	-0.00143888478455317	0.00247465479606328	-0.00160398915968263	-0.00164606099768033	0.000873226480051623	-0.000107688899460023	-1.33516691212752e-05	5.47995799705339e-05	-0.00227349182532969	-0.00450305017894204	-0.00437500357569486	-0.00245372906038239	-0.00184276618193947	-0.00163210288587245	-0.00175004116330892	-0.0017545202517107	-0.00126646128490187	-0.000893750076945402	-0.000725172967996148	-0.000551173938207141	-0.000987578390459379	0.000143440320612813
0.00166038104420637	-0.00111587369262309	-0.00396871078530123	-0.00200713974019826	-0.000877884301684198	8.19309919214298e-05	0.000449429242158668	0.000921235326876813	0.00210699521086836	0.00316631264962573	0.00213086698195809	0.000688601416690682	0.000352172662652244	0.000361936941010749	5.37732899121573e-05	-3.16132848309812e-05	-0.000147862245949247	2.84857764793638e-05	0.000248371868467509	-0.000800089776667869	0.00168682504571946	-0.00194482260584136	-0.0019577142615973	0.00115437315224699	-0.000112272707027222	-2.37390627318003e-05	-0.000711848402471446	-0.00135285029302019	-0.00138350346782389	-0.000733845865268325	-0.000574484956056235	-0.000537812971852995	-0.000525889952985878	-0.000562851033665994	-0.000376751768897702	-0.000267534570060635	-0.00022294584236468	-0.000173272762364116	-0.000206480133069059	-8.58233287789968e-05
-0.00275996694424375	0.00207096327816733	0.00565509484564045	0.00267946168428877	0.000731204751113535	-0.000344726875131238	-0.000737066490499477	-0.00140824977135102	-0.00273735490535125	-0.00410650898021097	-0.00265978374185207	-0.000833703448777953	-0.000373876364999138	-0.000320187319708289	1.10858673562756e-05	-0.000102671795466783	-0.000100206332324934	-0.000116778462465832	-0.000466188505433251	9.87475585638024e-05	-0.000872055763459273	0.00138034843669037	-0.00123724503119112	-0.00257755478383023	0.00130962042692904	-6.99344703204419e-05	0.000880510785635082	0.00186740900953767	0.00180651776754107	0.00109872592798357	0.000748391311190462	0.000710444770253668	0.000707559799847879	0.000756254028383171	0.000494033017556899	0.000373645472068274	0.000301877621543302	0.000257838072542242	0.000308499599723014	0.000131272022388599
-0.000725936695832339	0.00154004433555984	0.00509650075423421	0.00257436389815949	0.00019468243373823	-0.00041189203548885	-0.00098638581447099	-0.00159329349333979	-0.00308367174653581	-0.00413270560929881	-0.00276500024762922	-0.00122498722451762	-0.000651517380306553	-0.000436279638947018	-0.000158563758465431	-6.7127913425277e-05	-1.07498819958468e-05	0.00040808112057973	2.04597839112357e-05	-7.04100900605873e-05	6.38687682028415e-05	-0.000769296067133327	0.000898225281592979	-0.000902239130479319	-0.00177468779995564	0.000540109988705463	0.00116593542924135	0.00179736356331949	0.00216682583557161	0.00107785359923611	0.000717344206860448	0.000732739981130138	0.000694115496115769	0.000739533513256389	0.000556156063467908	0.000380921789329484	0.000257718881443978	0.000225094531287014	0.000385791009271904	-0.000205434124006055
0.00163600465619071	-0.0021459349302146	-0.00585472434196178	-0.00266815103321134	-7.8715269313648e-05	0.000565878977428158	0.000921210186382289	0.00181281402949576	0.00327679218067906	0.00432646062113913	0.0027507607154922	0.00100020211073565	0.000363803403598108	0.000216868792599229	8.87477160856318e-05	0.000322592031582452	0.000342443107719119	-0.000354798221429011	0.000195201180473788	-1.84082507803106e-05	-1.72442743815015e-05	0.00010403186785007	-0.000724581901752845	0.000525996650523368	-0.00146176296071536	-0.000632251529294052	-0.00108871082350415	-0.00193868047496046	-0.00211669343349519	-0.00120274898225304	-0.000743215439778455	-0.000695122419948924	-0.000719723276428667	-0.000770044977678338	-0.000544841755993283	-0.000394583677453274	-0.000302653731661895	-0.00024970710577511	-0.000440293943560687	9.66187706513637e-06
0.00327161917638657	-0.00305128259376425	-0.00954531416331947	-0.00488576461231259	-0.000932172203047916	0.000456140736468867	0.00154834541481268	0.00251354889417532	0.00512625346472625	0.00748218126673783	0.00489588756870359	0.00193368757355828	0.0010514991402302	0.000786033018253727	0.000177840778389154	6.50607064346796e-05	0.000186655327711354	-9.31568509188126e-05	3.32567830333759e-05	-8.09210990099368e-05	2.37362311634101e-05	6.09990371124915e-05	5.85067327741141e-05	-0.000332343478340092	0.000134587140067692	-0.00199116491737118	-0.00168446240842605	-0.00332400704456926	-0.00356925955354828	-0.00197577686533864	-0.00132770759299623	-0.00132930937016266	-0.0013224193506589	-0.00134476516635086	-0.000980386722002932	-0.000689495109730015	-0.000529321361206115	-0.000430181824707491	-0.000643118280932203	0.000150055696470153
-0.875197689210047	0.375291555131618	0.592576696541582	-0.125589364548419	-0.0897614794895412	-5.37134257472726e-05	0.00829980950640443	-0.044673490435948	-0.000878479212472663	-0.0062661930514533	0.00152483395540106	0.00875192378295975	-0.00241619515468732	-0.00683461004252168	0.00814058482517223	-0.000198763480919543	-0.00585260365963867	-0.00248795618400469	-0.00280654498711649	0.000387585586371042	0.000834442593141296	-0.000406045645175782	-0.000212852904290209	-0.000112130838649983	-2.49639582922784e-05	-0.000191929811267573	-0.464704609050142	0.357150846736058	0.114992156786017	-0.0298354220373458	-0.00167918667810328	0.01013272837127	0.018292358532512	0.00807517320194902	0.00314225388893956	0.00395680434393864	-0.00231515444590115	-0.00471823392456382	0.00481800958424558	-0.00953617872844936
-0.123392989675382	-0.21047811620828	0.0253442359570649	0.192308654812906	-0.0782573402653957	-0.0117846180644155	0.0226655217245672	0.027237471559508	0.0484387030272513	0.070556183542647	0.0420025971063092	0.0158922859001788	0.00542582243203813	0.00318187956451032	-0.0026419116442433	-0.00192531621107942	-0.00289280012494558	-0.00140095499927171	0.00162350666831256	-2.76112072195064e-05	-7.44041422462437e-05	0.000474138654444688	-5.17216956208457e-05	-0.000196422551376308	-0.00010462178727053	-0.000109129761214239	0.217537600572523	-0.501478698499058	0.159109668884919	0.0606294162591147	-0.0319508961131396	-0.00905695457917406	-0.00726451567266998	-0.00748528103731413	-0.00547332946387767	-0.0041893316587709	-0.00490667532485888	-0.00358709140995128	-0.00691466481969226	0.00629216072032965
0.210695356759557	-0.235328222465123	-0.695656742330636	0.431625261877848	0.19858522055769	-0.0296800698111312	0.0247914113290124	0.0436726168111676	0.0302730289498546	0.0551306386823223	0.0410011003838708	0.0179106580796245	0.0106761416727112	0.00382405436612584	-0.00654168879147948	-0.00312255523236234	0.00213799061406885	0.0010422207150248	0.00211685181013416	-0.000315702129535992	-0.000314153333339525	0.000191025935046135	-9.50249522973913e-05	4.71171429624762e-05	7.12264197671397e-05	1.12518213051324e-05	0.137946422145607	0.0510971089580773	-0.467359402238342	0.165823264296062	0.0328667045714512	-0.0213384228761591	-0.0151517409422212	-0.00981686548037086	-0.00751027610623792	-0.0068075489873698	-0.00437427337529556	-0.0030980342149421	-0.00788742239130547	-0.000258620339367045
0.214719045089002	0.0555848607087043	-0.339606107983035	-0.522290178439005	0.539077825679229	-0.000923838506196457	0.0185991435296587	0.0669989837272337	0.0543567509278306	0.0753667326274594	0.0521870791266277	0.0211698401050124	0.0118052677884945	0.00444479981276325	-0.00670412800020205	-0.00449298384457771	0.00283341402837128	0.00451064508958158	0.00317453319407281	-0.000479195938541543	-0.000490953348116296	0.000384198698301518	-0.000131788073618044	0.000719127438994094	2.87351672247201e-05	-0.000163145599231878	0.00198325571886325	0.0281096108083048	-0.00145654376176134	-0.367188561328722	0.159699865952771	-0.00697270774751082	-0.0202874147441691	-0.0102624979954026	-0.00867067667130478	-0.0069612845845342	-0.00454134424398065	-0.00384788609000803	-0.00774726775945471	-0.00645393809696902
0.106174886888713	0.000657824022320039	0.0134857808956665	-0.0770085746182161	-0.360976994613884	0.380389553847331	-0.017310696481921	0.0465656403540324	0.0486867330950712	0.0596772198988905	0.0391367539176946	0.0153156488507511	0.00585100840465158	0.00277206498266801	-0.0022942456401964	-0.00524146097131769	0.00148114738832409	0.0054530903765513	0.00280374859610162	-0.000321346610312845	-0.000427698590954258	0.000299830742098401	-0.000245064540365312	0.000528240093623394	-1.74555877635731e-05	-0.00023199812273224	-0.0559430468954631	-0.0510789859072597	0.0034429744713706	0.0617968011898967	-0.276418101751323	0.128681462579367	-0.0159088245659583	-0.00706857003642234	-0.00402767421181059	-0.00266655507297843	-0.00316810765582242	-0.00217816011823087	-0.00407785041982798	-0.00517293387186998
0.0290800829795993	-0.0335828277850137	0.00178350418920726	-0.0248325156221468	0.0583424790491806	-0.190735463655823	0.203681879700226	-0.0123586037464044	0.0210062543755593	0.0258406090826011	0.0181220718193255	0.00701176553952323	0.000831397846423434	0.000382751211689534	-0.00109972686752532	-5.88697402014287e-06	-0.00043731016379244	0.00220450881467655	0.0013660065835671	-0.000207313881017268	-8.22418246524491e-05	0.000389643347561914	-0.000156822363089895	8.64216513817405e-05	-8.65021762528608e-06	-7.3205305532419e-06	-0.0270695028607143	-0.0188855401404611	-0.0177317256903277	-0.00529510670522267	0.0886508436822313	-0.209744669068108	0.0937870439048926	-0.011703405582177	-0.000644152306323427	0.000245130471743419	-4.33872961701073e-05	-0.00137419984140196	-0.00210728432644817	0.0063786490020204
0.0605819115265058	-0.00679226855421874	-0.0279066293282277	-0.0408673405246378	-0.0489814000635608	0.0293307897451849	-0.0438709497038483	0.098816023198209	0.0124186402024926	0.0283646239163721	0.016428890808558	0.00634065228716915	0.00281071772364898	0.000448906486437474	-0.000716955178903081	-0.00132463755467975	0.000239396028968968	0.00116420975382356	0.00290073452574043	-0.000478841668176416	-0.00024397938877694	0.000400976553582606	-0.000121943792913537	-0.000352820778262284	6.3454496578266e-05	0.000192402318162326	-0.00719625678935502	-0.0163623910457684	-0.00962796683491538	-0.0141197784082789	-0.0187523031283099	0.0680876700668082	-0.138416681141953	0.0453115030237887	-0.00493935044515101	-0.00020803196619313	7.69749928615326e-05	-0.000302529958786314	-0.00114835497172542	0.000352777886028037
0.123152810179631	-0.0326604782811199	-0.0503404927309177	-0.0623417409799976	-0.0776223068136023	-0.0265526164790261	0.000768099488380924	0.03315998306215	0.0876158319691704	0.0580653571214329	0.0306633804468374	0.00970349661178102	0.00520778774514229	0.00236988891914414	-0.00395507182730979	-0.000450898559549256	0.000968980941377202	0.00127058183866357	0.0039909185278015	8.69543255101574e-05	-0.000685262249906569	0.00073174080610825	-0.000290352866149652	-0.000130113422561303	-3.72780029582811e-06	0.000130447004538142	-0.00790874014050523	-0.0267236122890673	-0.0146883304476698	-0.008393701838036	-0.0191811445510439	-0.0279811024391854	0.033849285270999	-0.080723904761267	0.0167533353363664	-0.00391916927693238	-0.000880574829826458	-0.000582357536980034	-0.00473328532042	0.00572931927899174
0.0978894794479248	-0.0414617865991422	-0.0605604454043982	-0.0365344389212289	-0.0394698163359834	-0.00946456947541194	-0.00097414070228805	0.00721677985765894	0.052365455305446	0.0765693184799904	0.0251323774768559	0.00412976427427543	0.00632649169620985	0.00460080379945576	-0.00473495593592908	-0.00113541554776153	0.00242745396272825	0.00126324339098254	0.00183144509948395	0.000264970953116397	-0.000433117603520459	0.000630835352126161	-0.000348130371795099	-4.85290342892494e-06	-1.12266868765976e-05	-2.35988999656697e-05	0.00112637910728769	-0.0228198357185738	-0.0159237986518142	-0.012468039649028	-0.0135531093455414	-0.00913531999517545	-0.0213266609275493	0.0122942771911739	-0.0463604655055747	0.00993929724470323	-0.0018098368947077	0.000984971243529123	-0.00563169549938381	0.00704605716080663
0.0266385140192975	-0.0106145709050366	-0.0259292214881406	-0.00981136171436853	-0.0110256076328847	-0.00155412044556875	-0.00530129528199498	0.00355673989679602	0.0204993035083161	0.0277023042949068	0.0182809245207567	-0.00467716552375952	0.000332352162799523	0.00421484296687945	-0.000383223185349906	-0.00125330098245522	0.00098972578432535	0.00030396126024396	0.000704121794523901	-0.000222860366796775	-2.81777695145229e-05	0.000198159940410094	-5.40233598112157e-06	-0.000126125271780022	1.6449717004268e-05	5.25876600044144e-05	0.00179586459390639	-0.00850986386496773	-0.00751548941542903	-0.00388813551741816	-0.00474751809194096	-0.00344858312957361	-0.00492988748697468	-0.00953254790772414	0.0116025062482103	-0.0296086561885079	0.00981362918984436	0.0013992874792208	0.000645936809434187	0.00170663777200465
0.0143808724248061	0.000231633206991412	-0.0177547071079198	-0.00688394494718599	-0.00263978712046335	0.00184081569477739	0.00260790708925423	-0.00276095786083644	0.00311692724946925	0.0150940553631375	0.0104182281247916	0.00387463978838327	-0.0105977019955086	0.00403006789894439	0.00195131762090358	-0.000614334622014831	-0.00010539847679745	0.000141658999636749	0.000470629901648329	-0.000129781210022301	0.000140944475930024	-0.000181258554872943	0.000235550840612907	-0.000190490247825944	1.38807145206819e-05	3.75899349482474e-05	0.00159663633328722	-0.00352109792933245	-0.00398174325183442	-0.00248251090037445	-0.00177534925164774	-0.000458733571824477	-0.00230816525541541	-0.00198877393972312	-0.00520803583667942	0.0101041932802453	-0.0227398871896484	0.0100956881518161	0.0018934602639786	0.00369767841409973
0.0199983906323445	-0.00846164931531077	-0.00970268509738665	-0.00802278131012399	-0.00551810642968557	-0.00107214823491054	-0.000702870177463937	0.00615721401647899	0.00226776722106476	0.00888968663677389	0.00924770302596539	0.00484696737943432	0.00510090824728142	-0.0108283655628145	0.00272306351383496	0.00107327622331683	0.000588800633294898	-0.0006201638978746	0.000596940062844468	-1.90135721866003e-05	-4.34078472418251e-05	0.000131402824756985	-0.000145906006666183	5.04410031773614e-05	-6.4619224411901e-05	3.63943966654037e-05	0.000256499497244332	-0.0032374640084052	-0.00196442756751513	-0.00295886223632694	-0.00228977357113834	-0.00132413278899232	-0.00188750398607358	-0.0013233939595469	-0.00118520156218566	-0.00431314085248059	0.00907604115918433	-0.0222968979353138	0.0113565056461192	0.00474232973057637
0.0138059555718806	-0.00013183581959486	-0.0156034909336623	-0.00313932902988197	-0.00422004548443659	-0.000852617243993684	-0.00214365034734205	-0.000439802628516981	0.00915703410860143	0.00662130207228084	0.00464840047789185	0.00976562017773959	0.00172931037731053	0.0077393556919788	-0.0132288126138275	0.00108624138624922	0.000353226240696928	0.000408673568467308	2.82291939641393e-05	8.99037892966586e-05	-0.000191345932341671	0.000251097227436998	-9.74643600251587e-05	0.000182562456903793	-9.287202482006e-05	3.461755786278e-05	0.00222682229727369	-0.00261752015995901	-0.00355732567892	-0.00165464928090035	-0.00277470651896786	-0.00115994893577608	-0.00198591035349916	-0.00178936413656036	-0.000892584211364404	-0.000935799043056734	-0.0043453822903675	0.01174083506514	-0.0324522282502406	0.0260176234375269
0.00915711546960611	-2.79677211199136e-06	0.00439473846807756	-0.00114062682524567	-0.0026944639530577	0.00157355409422718	0.000315239971139195	-0.00114039266280463	-0.0038302458255506	-0.00122456360770963	-0.00391250371009165	-0.00388486973962686	0.00786844124660147	-0.000135244273530525	0.00426110235062031	-0.00590284735647743	-0.00181808253280405	-0.00130653355829643	0.000224973166870534	9.00798726035725e-05	5.02806462538244e-05	-2.83517782970408e-05	0.000122721081584374	-0.000235918580938435	7.14271718576961e-05	3.42612823254342e-05	0.00301767940294733	0.00289393523533895	0.00273346189764673	-0.000117247772704419	0.000156061243571219	0.000658900101965559	0.000734047766339792	0.000455897144991073	0.000898139546048478	0.00066657128376938	0.000323232811807173	-0.00431719958950387	0.012650678413376	-0.0378595977992052
